<?xml version="1.0"?>
<opencv_storage>
<cam_reprojection_error>1.8666369944006650e-001</cam_reprojection_error>
<cam_reprojection_error2>1.5482137206854532e-001</cam_reprojection_error2>
<proj_reprojection_error>6.7666550517137847e-001</proj_reprojection_error>
<proj_reprojection_error2>7.4778876651211512e-001</proj_reprojection_error2>
<stereo_reprojection_error>5.1229568357046018e-001</stereo_reprojection_error>
<cam_K type_id="opencv-matrix">
  <rows>3</rows>
  <cols>3</cols>
  <dt>d</dt>
  <data>
    1.9333746185181565e+003 0. 9.7561192357842094e+002 0.
    1.9282742310946014e+003 5.3487590325389385e+002 0. 0. 1.</data></cam_K>
<cam_dist type_id="opencv-matrix">
  <rows>1</rows>
  <cols>5</cols>
  <dt>d</dt>
  <data>
    1.2808364966815170e-002 -3.9894784282234051e-002
    -4.4853720522718028e-003 1.2187878345241276e-003 0.</data></cam_dist>
<cam_R>
  <_ type_id="opencv-matrix">
    <rows>3</rows>
    <cols>1</cols>
    <dt>d</dt>
    <data>
      -1.3957906166519080e-001 8.6409397592314127e-002
      2.9624772465842501e-002</data></_>
  <_ type_id="opencv-matrix">
    <rows>3</rows>
    <cols>1</cols>
    <dt>d</dt>
    <data>
      -1.6807653098730227e-001 1.1019840369693051e-001
      3.2073919380757189e-002</data></_>
  <_ type_id="opencv-matrix">
    <rows>3</rows>
    <cols>1</cols>
    <dt>d</dt>
    <data>
      -6.2227968078952367e-002 7.6163688370365551e-002
      2.8835313890442100e-002</data></_>
  <_ type_id="opencv-matrix">
    <rows>3</rows>
    <cols>1</cols>
    <dt>d</dt>
    <data>
      -1.2831158509869569e-002 4.7306534736094946e-001
      2.0187408342071646e-002</data></_>
  <_ type_id="opencv-matrix">
    <rows>3</rows>
    <cols>1</cols>
    <dt>d</dt>
    <data>
      -4.4550325009193967e-002 9.3565562098939264e-002
      2.8347599037302558e-002</data></_>
  <_ type_id="opencv-matrix">
    <rows>3</rows>
    <cols>1</cols>
    <dt>d</dt>
    <data>
      -9.4673613252762107e-002 1.0542902312251061e-001
      2.4027172034809790e-002</data></_>
  <_ type_id="opencv-matrix">
    <rows>3</rows>
    <cols>1</cols>
    <dt>d</dt>
    <data>
      -1.4631009619595414e-001 -5.5307728058510364e-001
      -8.9211531258297627e-003</data></_>
  <_ type_id="opencv-matrix">
    <rows>3</rows>
    <cols>1</cols>
    <dt>d</dt>
    <data>
      -1.7447145211774845e-001 -5.7232258530244828e-001
      -1.2508566008329376e-002</data></_>
  <_ type_id="opencv-matrix">
    <rows>3</rows>
    <cols>1</cols>
    <dt>d</dt>
    <data>
      -8.4731257591391829e-002 6.3665513750305894e-002
      2.7532071474236797e-002</data></_>
  <_ type_id="opencv-matrix">
    <rows>3</rows>
    <cols>1</cols>
    <dt>d</dt>
    <data>
      -8.9889884898455980e-002 -7.1531775956783472e-001
      4.5058041459512272e-003</data></_>
  <_ type_id="opencv-matrix">
    <rows>3</rows>
    <cols>1</cols>
    <dt>d</dt>
    <data>
      -3.7061652853395521e-002 1.4306916787127696e-001
      2.5671774631298751e-002</data></_>
  <_ type_id="opencv-matrix">
    <rows>3</rows>
    <cols>1</cols>
    <dt>d</dt>
    <data>
      -1.4204599329310763e-001 7.5881813583811830e-001
      6.2579216459892950e-002</data></_>
  <_ type_id="opencv-matrix">
    <rows>3</rows>
    <cols>1</cols>
    <dt>d</dt>
    <data>
      -1.9544170074977568e-001 -5.3894494298435802e-001
      -1.7079502155966930e-002</data></_>
  <_ type_id="opencv-matrix">
    <rows>3</rows>
    <cols>1</cols>
    <dt>d</dt>
    <data>
      -2.1606803138307873e-001 4.0467191729556720e-002
      2.9148320267375832e-002</data></_>
  <_ type_id="opencv-matrix">
    <rows>3</rows>
    <cols>1</cols>
    <dt>d</dt>
    <data>
      -1.2567939369880865e-001 5.5530611256932894e-001
      4.7205143975785166e-002</data></_>
  <_ type_id="opencv-matrix">
    <rows>3</rows>
    <cols>1</cols>
    <dt>d</dt>
    <data>
      -2.5793054439683277e-001 2.2692109805272914e-001
      -3.2863126935768405e-001</data></_></cam_R>
<cam_T>
  <_ type_id="opencv-matrix">
    <rows>3</rows>
    <cols>1</cols>
    <dt>d</dt>
    <data>
      -1.6041411210437269e+002 1.1023787944932165e+002
      9.9821399455785786e+002</data></_>
  <_ type_id="opencv-matrix">
    <rows>3</rows>
    <cols>1</cols>
    <dt>d</dt>
    <data>
      -3.5923135911850915e+002 1.0851429880529805e+002
      1.0229354700908822e+003</data></_>
  <_ type_id="opencv-matrix">
    <rows>3</rows>
    <cols>1</cols>
    <dt>d</dt>
    <data>
      1.3678626970255577e+001 1.3770530548510715e+001
      1.0698403528397089e+003</data></_>
  <_ type_id="opencv-matrix">
    <rows>3</rows>
    <cols>1</cols>
    <dt>d</dt>
    <data>
      6.5326867723962010e+001 1.4934423804567167e+001
      1.0828612748078763e+003</data></_>
  <_ type_id="opencv-matrix">
    <rows>3</rows>
    <cols>1</cols>
    <dt>d</dt>
    <data>
      -1.6320490019539426e+002 1.0160903087373441e+001
      1.0447302541448107e+003</data></_>
  <_ type_id="opencv-matrix">
    <rows>3</rows>
    <cols>1</cols>
    <dt>d</dt>
    <data>
      -4.3802388234288583e+002 8.1811253994914583e+000
      1.0781475451930846e+003</data></_>
  <_ type_id="opencv-matrix">
    <rows>3</rows>
    <cols>1</cols>
    <dt>d</dt>
    <data>
      -3.9269408680995724e+002 8.6617887906222286e+000
      1.0325360477238651e+003</data></_>
  <_ type_id="opencv-matrix">
    <rows>3</rows>
    <cols>1</cols>
    <dt>d</dt>
    <data>
      -1.0862302558664834e+002 1.3006370422634109e+001
      1.0249884778852695e+003</data></_>
  <_ type_id="opencv-matrix">
    <rows>3</rows>
    <cols>1</cols>
    <dt>d</dt>
    <data>
      -4.4761503279662588e+002 -9.2442930482837411e+001
      1.0846377549568149e+003</data></_>
  <_ type_id="opencv-matrix">
    <rows>3</rows>
    <cols>1</cols>
    <dt>d</dt>
    <data>
      -4.0548536173038190e+002 -9.2482250707627259e+001
      1.0443188319049925e+003</data></_>
  <_ type_id="opencv-matrix">
    <rows>3</rows>
    <cols>1</cols>
    <dt>d</dt>
    <data>
      -1.6552765030267568e+002 -8.8432962634255091e+001
      1.0754946261905734e+003</data></_>
  <_ type_id="opencv-matrix">
    <rows>3</rows>
    <cols>1</cols>
    <dt>d</dt>
    <data>
      -1.0821544776659019e+002 -8.4768507857275438e+001
      1.1448715064385838e+003</data></_>
  <_ type_id="opencv-matrix">
    <rows>3</rows>
    <cols>1</cols>
    <dt>d</dt>
    <data>
      -1.3428637771583914e+002 -8.6449342287678988e+001
      1.0251097063495338e+003</data></_>
  <_ type_id="opencv-matrix">
    <rows>3</rows>
    <cols>1</cols>
    <dt>d</dt>
    <data>
      7.0345582747571015e+001 -8.2123564868750378e+001
      1.0491337152145052e+003</data></_>
  <_ type_id="opencv-matrix">
    <rows>3</rows>
    <cols>1</cols>
    <dt>d</dt>
    <data>
      7.2942642670357614e+001 -8.2733972900476161e+001
      1.1147915943281516e+003</data></_>
  <_ type_id="opencv-matrix">
    <rows>3</rows>
    <cols>1</cols>
    <dt>d</dt>
    <data>
      -1.7253875388687158e+002 -2.4719637909946841e+000
      9.8977657893685193e+002</data></_></cam_T>
<proj_K type_id="opencv-matrix">
  <rows>3</rows>
  <cols>3</cols>
  <dt>d</dt>
  <data>
    3.2774511743914709e+003 0. 8.9514153495354321e+002 0.
    3.2689200311505892e+003 9.3048691017989370e+002 0. 0. 1.</data></proj_K>
<proj_dist type_id="opencv-matrix">
  <rows>1</rows>
  <cols>5</cols>
  <dt>d</dt>
  <data>
    -4.2777596296307265e-002 5.1908914471192530e-002
    -5.8567468155430596e-003 -3.0241370705636893e-005 0.</data></proj_dist>
