<?xml version="1.0"?>
<opencv_storage>
<cam_reprojection_error>5.8254092016407888e-001</cam_reprojection_error>
<cam_reprojection_error2>4.9732739244188578e-001</cam_reprojection_error2>
<proj_reprojection_error>1.3246722347264595e+000</proj_reprojection_error>
<proj_reprojection_error2>1.3525724778314689e+000</proj_reprojection_error2>
<stereo_reprojection_error>1.0664183401386600e+000</stereo_reprojection_error>
<cam_K type_id="opencv-matrix">
  <rows>3</rows>
  <cols>3</cols>
  <dt>d</dt>
  <data>
    1.3112678377689410e+003 0. 9.2505818567710799e+002 0.
    1.3130944618158121e+003 5.6578749549769873e+002 0. 0. 1.</data></cam_K>
<cam_dist type_id="opencv-matrix">
  <rows>1</rows>
  <cols>5</cols>
  <dt>d</dt>
  <data>
    -3.9608709395375391e-002 -3.1857357495866226e-002
    -1.0010617896376028e-003 2.7858652392139076e-003 0.</data></cam_dist>
<cam_R>
  <_ type_id="opencv-matrix">
    <rows>3</rows>
    <cols>1</cols>
    <dt>d</dt>
    <data>
      -4.9123288260844430e-002 1.5941954658750282e-001
      3.0014224360105330e-002</data></_>
  <_ type_id="opencv-matrix">
    <rows>3</rows>
    <cols>1</cols>
    <dt>d</dt>
    <data>
      -4.7211126130157703e-002 8.0862210641668181e-002
      3.0765632729988557e-002</data></_>
  <_ type_id="opencv-matrix">
    <rows>3</rows>
    <cols>1</cols>
    <dt>d</dt>
    <data>
      -5.1705581279522066e-002 -3.8638432560360934e-003
      3.1540741881008499e-002</data></_>
  <_ type_id="opencv-matrix">
    <rows>3</rows>
    <cols>1</cols>
    <dt>d</dt>
    <data>
      -1.3863547970807102e-002 8.6679621199917845e-002
      3.0940809377642684e-002</data></_>
  <_ type_id="opencv-matrix">
    <rows>3</rows>
    <cols>1</cols>
    <dt>d</dt>
    <data>
      -1.5129211011376105e-002 2.5871919738553295e-002
      2.8944047479991106e-002</data></_>
  <_ type_id="opencv-matrix">
    <rows>3</rows>
    <cols>1</cols>
    <dt>d</dt>
    <data>
      -8.5456505496393029e-003 1.0746983041306847e-001
      3.0360050136506563e-002</data></_>
  <_ type_id="opencv-matrix">
    <rows>3</rows>
    <cols>1</cols>
    <dt>d</dt>
    <data>
      -3.1852318378481639e-002 4.8432474830842365e-001
      3.4145964991006965e-002</data></_>
  <_ type_id="opencv-matrix">
    <rows>3</rows>
    <cols>1</cols>
    <dt>d</dt>
    <data>
      -2.7359821707490115e-002 -7.1490239799383082e-001
      3.2556321936357824e-002</data></_>
  <_ type_id="opencv-matrix">
    <rows>3</rows>
    <cols>1</cols>
    <dt>d</dt>
    <data>
      7.2245284685251931e-002 -7.7825633698446597e-002
      -3.7525935451631925e-001</data></_>
  <_ type_id="opencv-matrix">
    <rows>3</rows>
    <cols>1</cols>
    <dt>d</dt>
    <data>
      -3.6558087874111689e-002 -6.3032481621558345e-001
      3.3291097689447394e-002</data></_>
  <_ type_id="opencv-matrix">
    <rows>3</rows>
    <cols>1</cols>
    <dt>d</dt>
    <data>
      -2.2410335817583959e-002 6.5766162663081063e-001
      1.7531124760218807e-002</data></_></cam_R>
<cam_T>
  <_ type_id="opencv-matrix">
    <rows>3</rows>
    <cols>1</cols>
    <dt>d</dt>
    <data>
      8.0540842535349475e+002 -3.7825216510879528e+002
      2.2581466096817830e+003</data></_>
  <_ type_id="opencv-matrix">
    <rows>3</rows>
    <cols>1</cols>
    <dt>d</dt>
    <data>
      1.9323419220539751e+002 -3.8034873400784693e+002
      2.2663728370298804e+003</data></_>
  <_ type_id="opencv-matrix">
    <rows>3</rows>
    <cols>1</cols>
    <dt>d</dt>
    <data>
      -5.3130554949738007e+002 -3.8361291256907634e+002
      2.2660225814871610e+003</data></_>
  <_ type_id="opencv-matrix">
    <rows>3</rows>
    <cols>1</cols>
    <dt>d</dt>
    <data>
      3.3372838109505743e+001 -6.0087909219298967e+002
      1.8217170429316895e+003</data></_>
  <_ type_id="opencv-matrix">
    <rows>3</rows>
    <cols>1</cols>
    <dt>d</dt>
    <data>
      -3.5509041143041321e+002 -6.0169855854244599e+002
      1.8052448832818845e+003</data></_>
  <_ type_id="opencv-matrix">
    <rows>3</rows>
    <cols>1</cols>
    <dt>d</dt>
    <data>
      5.9747396174871335e+002 -6.0117926736361119e+002
      1.7735076067375251e+003</data></_>
  <_ type_id="opencv-matrix">
    <rows>3</rows>
    <cols>1</cols>
    <dt>d</dt>
    <data>
      4.9739705042562105e+002 -7.6891935548357412e+002
      2.4141268328064839e+003</data></_>
  <_ type_id="opencv-matrix">
    <rows>3</rows>
    <cols>1</cols>
    <dt>d</dt>
    <data>
      -1.5384971643674169e+002 -7.7610082914833470e+002
      2.2467914247740291e+003</data></_>
  <_ type_id="opencv-matrix">
    <rows>3</rows>
    <cols>1</cols>
    <dt>d</dt>
    <data>
      2.1294294845592296e+002 -6.0323663393620132e+002
      2.2049852159733123e+003</data></_>
  <_ type_id="opencv-matrix">
    <rows>3</rows>
    <cols>1</cols>
    <dt>d</dt>
    <data>
      2.4592271613285058e+002 -3.9066991150706559e+002
      1.9541567790404024e+003</data></_>
  <_ type_id="opencv-matrix">
    <rows>3</rows>
    <cols>1</cols>
    <dt>d</dt>
    <data>
      1.7474373914435540e+002 -3.8758250337492223e+002
      2.1189216784727951e+003</data></_></cam_T>
<proj_K type_id="opencv-matrix">
  <rows>3</rows>
  <cols>3</cols>
  <dt>d</dt>
  <data>
    2.5299508914811749e+003 0. 8.8769137122862924e+002 0.
    2.5258980290246577e+003 1.1113873666013237e+003 0. 0. 1.</data></proj_K>
<proj_dist type_id="opencv-matrix">
  <rows>1</rows>
  <cols>5</cols>
  <dt>d</dt>
  <data>
    -1.3695975630971949e-001 2.1303187611929890e-002
    -6.0320554887715715e-003 1.5150984940306318e-003 0.</data></proj_dist>
<proj_R>
  <_ type_id="opencv-matrix">
    <rows>3</rows>
    <cols>1</cols>
    <dt>d</dt>
    <data>
      9.3529430205485497e-003 1.5368392561084240e-001
      3.2754576966169624e-002</data></_>
  <_ type_id="opencv-matrix">
    <rows>3</rows>
    <cols>1</cols>
    <dt>d</dt>
    <data>
      -4.9594588434406194e-003 5.0850616434645071e-002
      2.8924591769015115e-002</data></_>
  <_ type_id="opencv-matrix">
    <rows>3</rows>
    <cols>1</cols>
    <dt>d</dt>
    <data>
      2.1504146202532434e-002 -1.0200740293938701e-002
      3.2116549694628418e-002</data></_>
  <_ type_id="opencv-matrix">
    <rows>3</rows>
    <cols>1</cols>
    <dt>d</dt>
    <data>
      4.1464940081249083e-002 5.5620190731380123e-002
      3.0850511922665448e-002</data></_>
  <_ type_id="opencv-matrix">
    <rows>3</rows>
    <cols>1</cols>
    <dt>d</dt>
    <data>
      4.8035318142015448e-002 1.1917670623447582e-002
      3.0531364306666191e-002</data></_>
  <_ type_id="opencv-matrix">
    <rows>3</rows>
    <cols>1</cols>
    <dt>d</dt>
    <data>
      5.2918672167582032e-002 8.8810749305605952e-002
      3.3456031458297029e-002</data></_>
  <_ type_id="opencv-matrix">
    <rows>3</rows>
    <cols>1</cols>
    <dt>d</dt>
    <data>
      3.1640033677732909e-002 4.5422821773324212e-001
      4.1491322948880444e-002</data></_>
  <_ type_id="opencv-matrix">
    <rows>3</rows>
    <cols>1</cols>
    <dt>d</dt>
    <data>
      3.1446963296605505e-002 -7.3992540994987155e-001
      8.4140314087479285e-003</data></_>
  <_ type_id="opencv-matrix">
    <rows>3</rows>
    <cols>1</cols>
    <dt>d</dt>
    <data>
      1.3294227574968492e-001 -8.6699122319747413e-002
      -3.7894039665391416e-001</data></_>
  <_ type_id="opencv-matrix">
    <rows>3</rows>
    <cols>1</cols>
    <dt>d</dt>
    <data>
      2.2831526335434515e-002 -6.5300884999109121e-001
      1.2088334289346660e-002</data></_>
  <_ type_id="opencv-matrix">
    <rows>3</rows>
    <cols>1</cols>
    <dt>d</dt>
    <data>
      2.9819193626812145e-002 6.2611039578386052e-001
      3.4414890304018259e-002</data></_></proj_R>
